010102030420345034102332034045304023404053431203230440534506056423230402340503453506405223042353045304503450242340254305306302342435
434652087509832190574328967340958324918524530598390476823459087239548095023495894205643852903815204392842310948123098590348251094821
131574982675398045120975829340157120348753152350687825347108475829036754509362340185420984041234234235451087541674875138967523084957
001894572483673589041723895741309678239874894574092837512304871094857403298750298347590287509843275934875234985723984750432857489057
353450198493858439208457280349572093487502983475029834750298345720398457023489571324981230948129308452934578293045702893475081256324
7623895047149350327461503480§5604132857620345692438750675610§16183641923784§31890457623845102639856409124758037348921035723498753242
523498563760834576058271384723485973208357409857230487502984750893245712835789401720938457389406750498765419857304981723894740289357
353450198493858439208457280349572093487502983475029834750298345720398457023489571324981230948129308452934578293045702893475081256324
131574982675398045120975829340157120348753152350687825347108475829036754509362340185420984041234234235451087541674875138967523084957
353450198493858439208457280349572093487502983475029834750298345720398457023489571324981230948129308452934578293045702893475081256324
131574982675398045120975829340157120348753152350687825347108475829036754509362340185420984041234234235451087541674875138967523084957
353450198493858439208457280349572093487502983475029834750298345720398457023489571324981230948129308452934578293045702893475081256324
010102030420345034102332034045304023404053431203230440534506056423230402340503453506405223042353045304503450242340254305306302342435
523498563760834576058271384723485973208357409857230487502984750893245712835789401720938457389406750498765419857304981723894740289357
010102030420345034102332034045304023404053431203230440534506056423230402340503453506405223042353045304503450242340254305306302342435
353450198493858439208457280349572093487502983475029834750298345720398457023489571324981230948129308452934578293045702893475081256324
523498563760834576058271384723485973208357409857230487502984750893245712835789401720938457389406750498765419857304981723894740289357
131574982675398045120975829340157120348753152350687825347108475829036754509362340185420984041234234235451087541674875138967523084957
523498563760834576058271384723485973208357409857230487502984750893245712835789401720938457389406750498765419857304981723894740289357
010102030420345034102332034045304023404053431203230440534506056423230402340503453506405223042353045304503450242340254305306302342435
353450198493858439208457280349572093487502983475029834750298345720398457023489571324981230948129308452934578293045702893475081256324
7623895047149350327461503480§5604132857620345692438750675610§16183641923784§31890457623845102639856409124758037348921035723498753242
010102030420345034102332034045304023404053431203230440534506056423230402340503453506405223042353045304503450242340254305306302342435
523498563760834576058271384723485973208357409857230487502984750893245712835789401720938457389406750498765419857304981723894740289357
353450198493858439208457280349572093487502983475029834750298345720398457023489571324981230948129308452934578293045702893475081256324
434652087509832190574328967340958324918524530598390476823459087239548095023495894205643852903815204392842310948123098590348251094821
523498563760834576058271384723485973208357409857230487502984750893245712835789401720938457389406750498765419857304981723894740289357
353450198493858439208457280349572093487502983475029834750298345720398457023489571324981230948129308452934578293045702893475081256324
353450198493858439208457280349572093487502983475029834750298345720398457023489571324981230948129308452934578293045702893475081256324
010102030420345034102332034045304023404053431203230440534506056423230402340503453506405223042353045304503450242340254305306302342435
434652087509832190574328967340958324918524530598390476823459087239548095023495894205643852903815204392842310948123098590348251094821
131574982675398045120975829340157120348753152350687825347108475829036754509362340185420984041234234235451087541674875138967523084957
001894572483673589041723895741309678239874894574092837512304871094857403298750298347590287509843275934875234985723984750432857489057
353450198493858439208457280349572093487502983475029834750298345720398457023489571324981230948129308452934578293045702893475081256324
7623895047149350327461503480§5604132857620345692438750675610§16183641923784§31890457623845102639856409124758037348921035723498753242
523498563760834576058271384723485973208357409857230487502984750893245712835789401720938457389406750498765419857304981723894740289357
353450198493858439208457280349572093487502983475029834750298345720398457023489571324981230948129308452934578293045702893475081256324
131574982675398045120975829340157120348753152350687825347108475829036754509362340185420984041234234235451087541674875138967523084957
353450198493858439208457280349572093487502983475029834750298345720398457023489571324981230948129308452934578293045702893475081256324
131574982675398045120975829340157120348753152350687825347108475829036754509362340185420984041234234235451087541674875138967523084957
353450198493858439208457280349572093487502983475029834750298345720398457023489571324981230948129308452934578293045702893475081256324
010102030420345034102332034045304023404053431203230440534506056423230402340503453506405223042353045304503450242340254305306302342435
523498563760834576058271384723485973208357409857230487502984750893245712835789401720938457389406750498765419857304981723894740289357
010102030420345034102332034045304023404053431203230440534506056423230402340503453506405223042353045304503450242340254305306302342435
353450198493858439208457280349572093487502983475029834750298345720398457023489571324981230948129308452934578293045702893475081256324
523498563760834576058271384723485973208357409857230487502984750893245712835789401720938457389406750498765419857304981723894740289357
131574982675398045120975829340157120348753152350687825347108475829036754509362340185420984041234234235451087541674875138967523084957
523498563760834576058271384723485973208357409857230487502984750893245712835789401720938457389406750498765419857304981723894740289357
010102030420345034102332034045304023404053431203230440534506056423230402340503453506405223042353045304503450242340254305306302342435
353450198493858439208457280349572093487502983475029834750298345720398457023489571324981230948129308452934578293045702893475081256324
7623895047149350327461503480§5604132857620345692438750675610§16183641923784§31890457623845102639856409124758037348921035723498753242
010102030420345034102332034045304023404053431203230440534506056423230402340503453506405223042353045304503450242340254305306302342435
523498563760834576058271384723485973208357409857230487502984750893245712835789401720938457389406750498765419857304981723894740289357
353450198493858439208457280349572093487502983475029834750298345720398457023489571324981230948129308452934578293045702893475081256324
434652087509832190574328967340958324918524530598390476823459087239548095023495894205643852903815204392842310948123098590348251094821
523498563760834576058271384723485973208357409857230487502984750893245712835789401720938457389406750498765419857304981723894740289357
353450198493858439208457280349572093487502983475029834750298345720398457023489571324981230948129308452934578293045702893475081256324
353450198493858439208457280349572093487502983475029834750298345720398457023489571324981230948129308452934578293045702893475081256324
010102030420345034102332034045304023404053431203230440534506056423230402340503453506405223042353045304503450242340254305306302342435
434652087509832190574328967340958324918524530598390476823459087239548095023495894205643852903815204392842310948123098590348251094821
131574982675398045120975829340157120348753152350687825347108475829036754509362340185420984041234234235451087541674875138967523084957
001894572483673589041723895741309678239874894574092837512304871094857403298750298347590287509843275934875234985723984750432857489057
353450198493858439208457280349572093487502983475029834750298345720398457023489571324981230948129308452934578293045702893475081256324
7623895047149350327461503480§5604132857620345692438750675610§16183641923784§31890457623845102639856409124758037348921035723498753242
523498563760834576058271384723485973208357409857230487502984750893245712835789401720938457389406750498765419857304981723894740289357
353450198493858439208457280349572093487502983475029834750298345720398457023489571324981230948129308452934578293045702893475081256324
131574982675398045120975829340157120348753152350687825347108475829036754509362340185420984041234234235451087541674875138967523084957
353450198493858439208457280349572093487502983475029834750298345720398457023489571324981230948129308452934578293045702893475081256324
131574982675398045120975829340157120348753152350687825347108475829036754509362340185420984041234234235451087541674875138967523084957
353450198493858439208457280349572093487502983475029834750298345720398457023489571324981230948129308452934578293045702893475081256324
010102030420345034102332034045304023404053431203230440534506056423230402340503453506405223042353045304503450242340254305306302342435
523498563760834576058271384723485973208357409857230487502984750893245712835789401720938457389406750498765419857304981723894740289357
010102030420345034102332034045304023404053431203230440534506056423230402340503453506405223042353045304503450242340254305306302342435
353450198493858439208457280349572093487502983475029834750298345720398457023489571324981230948129308452934578293045702893475081256324
523498563760834576058271384723485973208357409857230487502984750893245712835789401720938457389406750498765419857304981723894740289357
131574982675398045120975829340157120348753152350687825347108475829036754509362340185420984041234234235451087541674875138967523084957
523498563760834576058271384723485973208357409857230487502984750893245712835789401720938457389406750498765419857304981723894740289357
010102030420345034102332034045304023404053431203230440534506056423230402340503453506405223042353045304503450242340254305306302342435
353450198493858439208457280349572093487502983475029834750298345720398457023489571324981230948129308452934578293045702893475081256324
7623895047149350327461503480§5604132857620345692438750675610§16183641923784§31890457623845102639856409124758037348921035723498753242
010102030420345034102332034045304023404053431203230440534506056423230402340503453506405223042353045304503450242340254305306302342435
523498563760834576058271384723485973208357409857230487502984750893245712835789401720938457389406750498765419857304981723894740289357
353450198493858439208457280349572093487502983475029834750298345720398457023489571324981230948129308452934578293045702893475081256324
434652087509832190574328967340958324918524530598390476823459087239548095023495894205643852903815204392842310948123098590348251094821
523498563760834576058271384723485973208357409857230487502984750893245712835789401720938457389406750498765419857304981723894740289357
353450198493858439208457280349572093487502983475029834750298345720398457023489571324981230948129308452934578293045702893475081256324
353450198493858439208457280349572093487502983475029834750298345720398457023489571324981230948129308452934578293045702893475081256324
010102030420345034102332034045304023404053431203230440534506056423230402340503453506405223042353045304503450242340254305306302342435
434652087509832190574328967340958324918524530598390476823459087239548095023495894205643852903815204392842310948123098590348251094821
131574982675398045120975829340157120348753152350687825347108475829036754509362340185420984041234234235451087541674875138967523084957
001894572483673589041723895741309678239874894574092837512304871094857403298750298347590287509843275934875234985723984750432857489057
353450198493858439208457280349572093487502983475029834750298345720398457023489571324981230948129308452934578293045702893475081256324
7623895047149350327461503480§5604132857620345692438750675610§16183641923784§31890457623845102639856409124758037348921035723498753242
523498563760834576058271384723485973208357409857230487502984750893245712835789401720938457389406750498765419857304981723894740289357
353450198493858439208457280349572093487502983475029834750298345720398457023489571324981230948129308452934578293045702893475081256324
131574982675398045120975829340157120348753152350687825347108475829036754509362340185420984041234234235451087541674875138967523084957
353450198493858439208457280349572093487502983475029834750298345720398457023489571324981230948129308452934578293045702893475081256324
131574982675398045120975829340157120348753152350687825347108475829036754509362340185420984041234234235451087541674875138967523084957
353450198493858439208457280349572093487502983475029834750298345720398457023489571324981230948129308452934578293045702893475081256324
010102030420345034102332034045304023404053431203230440534506056423230402340503453506405223042353045304503450242340254305306302342435
523498563760834576058271384723485973208357409857230487502984750893245712835789401720938457389406750498765419857304981723894740289357
010102030420345034102332034045304023404053431203230440534506056423230402340503453506405223042353045304503450242340254305306302342435
353450198493858439208457280349572093487502983475029834750298345720398457023489571324981230948129308452934578293045702893475081256324
523498563760834576058271384723485973208357409857230487502984750893245712835789401720938457389406750498765419857304981723894740289357
131574982675398045120975829340157120348753152350687825347108475829036754509362340185420984041234234235451087541674875138967523084957
523498563760834576058271384723485973208357409857230487502984750893245712835789401720938457389406750498765419857304981723894740289357
010102030420345034102332034045304023404053431203230440534506056423230402340503453506405223042353045304503450242340254305306302342435
353450198493858439208457280349572093487502983475029834750298345720398457023489571324981230948129308452934578293045702893475081256324
7623895047149350327461503480§5604132857620345692438750675610§16183641923784§31890457623845102639856409124758037348921035723498753242
010102030420345034102332034045304023404053431203230440534506056423230402340503453506405223042353045304503450242340254305306302342435
523498563760834576058271384723485973208357409857230487502984750893245712835789401720938457389406750498765419857304981723894740289357
353450198493858439208457280349572093487502983475029834750298345720398457023489571324981230948129308452934578293045702893475081256324
434652087509832190574328967340958324918524530598390476823459087239548095023495894205643852903815204392842310948123098590348251094821
523498563760834576058271384723485973208357409857230487502984750893245712835789401720938457389406750498765419857304981723894740289357
353450198493858439208457280349572093487502983475029834750298345720398457023489571324981230948129308452934578293045702893475081256324
353450198493858439208457280349572093487502983475029834750298345720398457023489571324981230948129308452934578293045702893475081256324
010102030420345034102332034045304023404053431203230440534506056423230402340503453506405223042353045304503450242340254305306302342435
434652087509832190574328967340958324918524530598390476823459087239548095023495894205643852903815204392842310948123098590348251094821
131574982675398045120975829340157120348753152350687825347108475829036754509362340185420984041234234235451087541674875138967523084957
001894572483673589041723895741309678239874894574092837512304871094857403298750298347590287509843275934875234985723984750432857489057
353450198493858439208457280349572093487502983475029834750298345720398457023489571324981230948129308452934578293045702893475081256324
7623895047149350327461503480§5604132857620345692438750675610§16183641923784§31890457623845102639856409124758037348921035723498753242
523498563760834576058271384723485973208357409857230487502984750893245712835789401720938457389406750498765419857304981723894740289357
353450198493858439208457280349572093487502983475029834750298345720398457023489571324981230948129308452934578293045702893475081256324
131574982675398045120975829340157120348753152350687825347108475829036754509362340185420984041234234235451087541674875138967523084957
353450198493858439208457280349572093487502983475029834750298345720398457023489571324981230948129308452934578293045702893475081256324
131574982675398045120975829340157120348753152350687825347108475829036754509362340185420984041234234235451087541674875138967523084957
353450198493858439208457280349572093487502983475029834750298345720398457023489571324981230948129308452934578293045702893475081256324
010102030420345034102332034045304023404053431203230440534506056423230402340503453506405223042353045304503450242340254305306302342435
523498563760834576058271384723485973208357409857230487502984750893245712835789401720938457389406750498765419857304981723894740289357
010102030420345034102332034045304023404053431203230440534506056423230402340503453506405223042353045304503450242340254305306302342435
353450198493858439208457280349572093487502983475029834750298345720398457023489571324981230948129308452934578293045702893475081256324
523498563760834576058271384723485973208357409857230487502984750893245712835789401720938457389406750498765419857304981723894740289357
131574982675398045120975829340157120348753152350687825347108475829036754509362340185420984041234234235451087541674875138967523084957
523498563760834576058271384723485973208357409857230487502984750893245712835789401720938457389406750498765419857304981723894740289357
010102030420345034102332034045304023404053431203230440534506056423230402340503453506405223042353045304503450242340254305306302342435
353450198493858439208457280349572093487502983475029834750298345720398457023489571324981230948129308452934578293045702893475081256324
7623895047149350327461503480§5604132857620345692438750675610§16183641923784§31890457623845102639856409124758037348921035723498753242
010102030420345034102332034045304023404053431203230440534506056423230402340503453506405223042353045304503450242340254305306302342435
523498563760834576058271384723485973208357409857230487502984750893245712835789401720938457389406750498765419857304981723894740289357
353450198493858439208457280349572093487502983475029834750298345720398457023489571324981230948129308452934578293045702893475081256324
434652087509832190574328967340958324918524530598390476823459087239548095023495894205643852903815204392842310948123098590348251094821
523498563760834576058271384723485973208357409857230487502984750893245712835789401720938457389406750498765419857304981723894740289357
353450198493858439208457280349572093487502983475029834750298345720398457023489571324981230948129308452934578293045702893475081256324
353450198493858439208457280349572093487502983475029834750298345720398457023489571324981230948129308452934578293045702893475081256324